2.187924685122237,8.285733476383506,0
0.38986706529271276,4.708345553033366,1
6.27289665461706,6.4601226717809155,2
6.906911737485099,3.9047637595307885,3
0.19322440434693333,0.6924690373806286,4
8.289186260351698,1.6193399422949317,5
0.11517799806238127,5.98270232598079,6
6.830619892872882,9.161394084904536,7
9.153193613615356,8.023421626704119,8
0.9034520957644565,3.5226516691526824,9
9.766048687316388,8.323684275072276,a
0.3292691026590766,4.310210002549697,b
9.511483849960225,8.203421374147537,c
9.413300755394832,8.96823708838324,d
4.369641645090104,4.87312390591176,e
0.5799678102921757,8.220521712654765,f
1.5495007718024223,6.9760887248093475,10
3.7875572875184647,2.494609490372924,11
2.3529620254124604,0.7575871605153173,12
5.675977850658173,3.700497460441712,13
2.146910530879793,2.5580714885040754,14
1.9236913879632511,0.5977786361479565,15
0.23725264010567293,4.100630676862346,16
8.188488379532094,1.4167436501251407,17
3.7796585028746743,0.16005346041108037,18
2.1356437320914368,6.598054423515634,19
8.029521263100088,4.438516086840984,1a
2.846159426835777,6.965131489558826,1b
1.1578385844493777,4.399061311359736,1c
5.209849566417208,1.0002601973365366,1d
1.0844408430831731,4.812195160979861,1e
3.615520962282812,6.523708182362285,1f
9.304013285768974,3.0778527441071137,20
2.7584563938573226,0.07598347146431705,21
3.1567295449243735,3.6914719113586134,22
8.310762541043653,8.5060069261603,23
1.5789279829030445,7.601316196046264,24
6.311708532982596,5.004712564669115,25
6.889887992890809,2.1082169464667446,26
8.246730820292656,8.643211204082272,27
4.441290430389042,2.5394154688759563,28
4.675293726716118,5.742061351444823,29
9.1526552356734,2.0460900641160373,2a
0.4908844959400893,0.496110007913626,2b
1.6583177020288287,5.937420567643751,2c
3.229245698230062,0.9245947807651445,2d
7.1775759851325835,7.932551392881761,2e
3.3539391393023186,1.5166999129090808,2f
3.3414328649223366,9.017759083873528,30
4.666122458178645,1.368355584581712,31
8.364763966667887,4.390653151255572,32
9.882997411397792,4.395903226346279,33
3.9216526282937636,6.969551343540382,34
8.341772666589275,8.556082513815438,35
3.472906802441207,6.05517095693675,36
1.854555472625391,0.8325088011414861,37
6.783290466613528,9.606478359963992,38
9.81481892563804,0.630200665102647,39
3.2122839858010788,6.607038659352949,3a
2.117775152000866,6.784088033222314,3b
2.3621023422112817,8.948978528020016,3c
7.99278690306757,1.4811932772232905,3d
3.6150627002797675,1.7321682314577458,3e
4.99882233069763,6.87083064834178,3f
7.479606329027937,0.04184336542810585,40
0.5695918693871538,2.176663141710219,41
3.632544895562999,2.133731166161449,42
9.744341310094445,4.871810165387246,43
2.412734258018566,3.5640335257621016,44
4.160885653932253,1.7030122099825973,45
5.297816091552995,7.784272552802914,46
8.268407921415085,1.0631397307531898,47
3.527435316035347,5.856984141791233,48
8.061020475532139,0.2125290078494546,49
7.045502295697975,0.570887204086471,4a
5.804989891477832,6.774978019194845,4b
1.0936949025323306,3.7201924973695,4c
6.76816546715323,6.968083317943178,4d
4.61444793694373,4.874887683567328,4e
9.38340833146191,6.52325571319416,4f
1.5992013540419803,3.719079785858803,50
8.84310897908042,3.510004198963533,51
6.448490847738359,2.9705410091239584,52
3.129408241645597,1.1584174561337457,53
7.903191201900666,3.7681067046049765,54
4.166885489197619,2.1573507125801052,55
9.867013592606021,4.791801342340909,56
6.146660113115411,7.125188549448938,57
1.0668645043611402,2.168561166898928,58
3.5672928753485023,0.9723582174307088,59
0.26438482140981767,4.161582606320273,5a
7.993125805715717,6.631636273165254,5b
6.446364819625772,2.197035017354585,5c
9.921774203732113,9.675235790582558,5d
1.760048059405206,4.821746586207258,5e
1.2988684148312657,1.9357477371677045,5f
8.992222396708948,7.864773593374405,60
7.503787691351,0.9054333037615758,61
7.134122160573712,6.49407631486805,62
2.6325436117697745,9.838926370675452,63
9.885946618955158,6.553762487157821,64
1.9083530930181225,8.416936720416258,65
4.531721576741225,4.014108056650257,66
8.986512071968068,6.9381761841109055,67
1.2888466426975886,2.0011690996722065,68
3.5411577107796246,7.361400650278295,69
5.675249000024474,0.736604013837534,6a
4.454650799009288,4.9873747499522425,6b
7.129627138585547,3.3901750806081177,6c
3.036277344973477,5.0645730792282375,6d
7.7149370989820305,0.4149622294647948,6e
4.34255341551418,1.9438856817090633,6f
4.200297224941224,7.0853580733015695,70
1.9809349992266079,1.9377606504605538,71
6.156951764367254,3.009945935786228,72
0.12981793154283605,2.95600585499624,73
7.225832906789423,1.4670178674692935,74
0.4407213248709452,1.3070463494531537,75
8.976577328732489,5.458214397298123,76
8.834507139199664,8.849389592832573,77
3.004976946850654,4.637281172930626,78
2.833283745374783,4.909703982269532,79
4.762640580040582,5.957846337601721,7a
2.3971384129706177,8.505765249406112,7b
1.1787802471533004,3.5305886514319673,7c
2.4507049629327926,8.50089397862273,7d
0.5921627281836528,6.571440791009813,7e
5.030901250408895,0.602612199453495,7f
2.2806219843943287,7.6099630060909975,80
0.9137101065699016,3.354519920070236,81
5.008956496247201,2.7555543272755334,82
8.15872246324334,3.32210117952069,83
4.678447129048232,0.49650439574335126,84
2.311985044100482,3.6724667549445766,85
0.6201923396817843,4.091475340499247,86
8.863235061542301,8.876402327929307,87
5.75281189801209,6.773046802649255,88
4.934839630552142,4.403577176875584,89
2.8291717387845527,3.7766311665467214,8a
6.88175570028447,9.934344131540103,8b
2.492571432179372,2.3714306900368576,8c
3.263697746655584,5.841579561426238,8d
0.9331543561947964,7.914471981174041,8e
9.195474850972566,7.905410935363263,8f
9.574416666026458,1.1810881303580234,90
1.273292834636628,8.77446903052542,91
9.17452708131642,5.092540845483914,92
6.92241727920327,8.391055378354652,93
0.7634851644758522,7.96549843875337,94
4.412799877181329,8.158665358543253,95
8.030981759191322,0.37820046024288567,96
1.6292761626437413,2.3755738072527954,97
6.311031117484488,7.576826334302114,98
2.8058727650265647,4.931287782297032,99
9.477199442338403,8.063164421143503,9a
8.180676993876245,0.5779956501246042,9b
4.321964970368933,0.8257570730950925,9c
7.795797146869598,0.4180296023290786,9d
9.545342369478004,4.525372569821116,9e
0.9438311344447692,5.710478855948993,9f
6.94016078393032,6.771172593203599,a0
8.129711424717856,5.573131272522528,a1
5.860417418899969,7.0022162171589875,a2
0.69322883738136,8.827389988454804,a3
4.594370503491939,2.7549621312431514,a4
2.872956471883562,3.2561724795223554,a5
0.7344597571129985,2.363050751681799,a6
1.7161396974894871,4.344454182044942,a7
1.3354173758375432,2.459526654871299,a8
5.656807867292846,8.112041635932481,a9
9.841994531888759,5.466631771212461,aa
8.984685772095002,0.668300700561264,ab
9.51918593366141,0.03597879100194601,ac
5.57211736011862,0.11856895938864853,ad
5.14248519368913,0.33564374034825817,ae
1.9919687531393504,5.951736509776469,af
6.584303027967091,6.582786727765344,b0
8.95318483360095,7.496926952586014,b1
3.296813872524722,3.639091756234257,b2
9.05362150404832,3.845906803879804,b3
2.387641410475685,7.144152864665828,b4
9.964834042247734,7.5812567803244955,b5
2.0214735590937583,0.49622527888234513,b6
0.690445015463168,0.917969431002088,b7
9.73632077175237,3.494354033829048,b8
0.5907999427516308,6.940294081580351,b9
0.14850478337741446,7.726410955536148,ba
4.239832848614422,2.7650953585807168,bb
6.442300806337547,8.149713177725351,bc
7.231739949619764,3.0628543295925734,bd
4.337073664064266,3.6927276361899954,be
6.7427523814233306,3.6095560248798297,bf
1.3115742222319904,0.3781045920098658,c0
8.009620262113447,1.683390955705848,c1
0.8514602912962244,6.736747710460391,c2
1.4736349039515628,2.226594649419764,c3
4.629907385109485,8.53318666916579,c4
8.789669303444573,3.644111455820985,c5
3.8133374989779334,4.560506396204801,c6
0.6623920539069406,3.872589299674918,c7
3.5235979309033363,1.0308207881698561,c8
2.998005999536444,9.781642370500556,c9
4.192635311503752,0.4095387358924596,ca
1.5389810743893406,9.631465255179187,cb
8.44743037530808,3.209764166413116,cc
3.2465735807492377,0.2026413440303143,cd
7.401540317894099,1.8360644422141936,ce
3.174773480769276,8.091388361743714,cf
7.945977321354597,7.23714855294883,d0
8.470167166604119,7.315111448542858,d1
6.64870051175089,0.8993295758036168,d2
1.848689622940266,7.223348106892971,d3
8.885822243516419,8.75031089383424,d4
9.957680051204607,1.9069520317411903,d5
7.3790163414573176,3.4504585694999634,d6
3.270046815755192,1.6707573423289368,d7
2.729429252105774,4.211669538382935,d8
2.1564647761269318,7.374245040770689,d9
9.543336912582493,2.8232824508838075,da
0.25396771771499793,5.747285470495105,db
4.257671428790238,7.10831954142665,dc
9.33555453143381,0.5529887838663994,dd
5.419244011525942,9.117347696729116,de
0.28100249740846794,5.357681893791225,df
4.289999140930952,9.26049322230777,e0
1.6394708632078359,9.042993628274008,e1
6.563961353777471,0.8379743208074297,e2
9.398792549500932,9.51893114389524,e3
2.7822809330113527,4.857391885822584,e4
8.910845987790967,1.9640343564433038,e5
8.994152234287451,4.063006573504523,e6
3.207092858463052,8.955154064610218,e7
8.893808459116025,5.9348639522575635,e8
8.917706628764021,5.512054340667836,e9
9.260672869812106,4.6359922273384875,ea
7.720658877981828,8.639750359581837,eb
5.831249817840129,9.416673114993964,ec
3.412069741590944,6.809236632694056,ed
7.815365273428635,0.750882710823011,ee
8.069308947556506,8.311967322595203,ef
0.053140195979842764,1.617946219742995,f0
1.610693542149203,2.1569651251828104,f1
3.9362674042989076,0.8330482760942881,f2
5.415457588133247,7.891727765769533,f3
0.7128485603486789,4.736909761148374,f4
5.666488539374029,0.7865076452403719,f5
6.324592403521998,4.327616551753854,f6
3.002233877359357,4.991434411566394,f7
7.2502504913829515,9.131646732119766,f8
6.870333466602321,8.820561365242456,f9
9.80697901681095,4.703125895834994,fa
0.9292044039688729,0.657310983554632,fb
2.944477763596458,7.038653118467653,fc
3.9398583224695107,7.28689322844008,fd
4.268610409909063,9.349548567553706,fe
4.2288902770239325,9.871886776968124,ff
2.325150978093852,5.7903738668599445,100
5.650161315419073,2.063416961898441,101
5.015448694506739,3.2372376260137536,102
5.314216424540251,9.797469775579437,103
3.141857801935224,2.2662811950118322,104
0.4552929803924566,1.3975776653640193,105
1.9403976523761879,8.277587219403008,106
5.125066305272981,4.541438957436741,107
0.5290735776153954,7.462069584583938,108
1.6856471988985422,5.712552818316591,109
5.981701644989189,0.3611549568390382,10a
0.2722768689288668,2.7370117123231266,10b
9.392205777705438,3.4856430316714193,10c
3.921814265550676,7.666345884049831,10d
3.3736533583707065,7.727123726586385,10e
5.389959582679045,7.900989730929596,10f
1.6502207684612202,9.077324110738994,110
0.22156895813637445,1.4637196666383168,111
7.677066790059222,4.833412737549132,112
9.743354650229387,2.604489998569929,113
2.1093836206489183,2.930578370252359,114
2.5500651280757025,7.671530830987685,115
4.7895580266394875,2.21654920676157,116
1.3301202417585334,5.653152302013481,117
3.15955919950484,4.74082528141177,118
6.552489102408062,3.8220821911275715,119
0.6759582457192148,7.272507101289878,11a
4.025771727869333,4.480201751347526,11b
1.4343401340470074,2.446386522649421,11c
1.670090994451664,2.6467480143154445,11d
4.844506133125571,1.7273584318984458,11e
8.129102330665589,9.758932417077679,11f
3.6498659044996753,0.5192928042161737,120
6.641736992943582,5.451874436929224,121
9.267653297833949,2.526965724517587,122
4.751812852113783,5.396428319436767,123
4.397441394644197,7.91844515081122,124
0.6400056784731223,1.4395086398427315,125
4.525559667987576,0.3379284564739393,126
3.3974255558020294,6.938947274645358,127
0.9469912884512655,0.4784580531822058,128
6.1031002881803245,3.763526436322102,129
8.793316695784553,1.0433282930101506,12a
9.280009429416094,7.533840736567955,12b
4.969101483428352,3.222003385073837,12c
8.608691211781833,6.665625468538499,12d
9.14233385816618,0.016420891842611196,12e
7.7981876282540235,1.1280800825236414,12f
6.954611543603093,7.325186641483406,130
8.24503314206576,0.7958212905712503,131
3.0942659596449418,0.40157399711842734,132
9.232052830161734,7.912595058851874,133
7.039828799192373,7.163359362501371,134
1.3838912575688256,1.8216668596674968,135
8.5979833182623,1.0953687323023253,136
2.983494566487029,1.0729893693544756,137
9.077363700581,3.0690361830048207,138
2.8046888648960078,1.1705030535718264,139
8.021264048184051,6.332655158366771,13a
6.433152039762888,9.473324377536237,13b
8.601476359894919,6.06590975586337,13c
5.894656886819302,4.584506994422338,13d
8.855663980671702,2.584580244041547,13e
0.6984723554093242,4.11474296587182,13f
3.784934235293612,0.6009662314234443,140
6.894370352571726,5.094983388207055,141
9.202346082261812,0.8070192249116392,142
8.403745672373784,3.466581974662909,143
8.233904226701707,9.621403866423377,144
5.389470596948168,3.511993332622203,145
9.28823294486981,5.928935777132023,146
7.114655787050108,4.8387699247987195,147
3.053064573953436,7.864906850374257,148
8.862954000244441,3.0740287278945875,149
5.194210301145301,4.262261665863413,14a
2.6973924690821205,4.5540033706647,14b
0.0629528216020836,5.441392109336195,14c
8.13795539811213,0.5289279068866082,14d
6.141610465882761,5.238711704406715,14e
6.589819030821724,3.488650207401469,14f
7.010163674772877,7.346500875366501,150
6.517442278928285,2.441013522965554,151
5.845400245105608,9.822383052466817,152
1.2434825892699408,9.222830005375375,153
9.5384293370207,2.808652483267846,154
2.0001561511760126,9.589447224520528,155
8.284732592675411,0.6925351527427737,156
1.9308404776211574,4.000851627413057,157
7.782907384392459,2.917853688152452,158
6.098171922081381,5.813617300142846,159
0.03500319387503614,9.833810465492178,15a
9.100915664933883,8.027719610334179,15b
2.3040251341617846,2.2463155677136792,15c
7.376184573730433,4.822509898452775,15d
4.368982852303169,7.008090825348461,15e
1.346853900646976,4.182749446135649,15f
2.9217546265702623,4.691268407472833,160
5.24199286849157,9.084799018385633,161
6.098315021028511,7.846151254882513,162
6.59465843443837,3.7241552013885695,163
0.9881911707940161,8.944932064483362,164
2.5748676926655065,0.5630217732820142,165
7.406997683555759,2.1052261309674547,166
3.647896989663575,0.3811914184501841,167
4.693190285725224,2.6245173725668636,168
5.0975399598843225,7.316442560165162,169
4.623254097761076,3.6318874312436566,16a
6.667336236602531,6.810836021671499,16b
1.3869317502552936,2.137806498767696,16c
4.306319283715087,7.101502591337493,16d
5.035701938089579,5.4210659541221276,16e
5.9517457188935925,2.2916041587145655,16f
5.597600700639692,6.355763098011334,170
4.607842423542437,5.6455222000765755,171
2.746946955212024,9.342322468715606,172
3.1596885550465026,2.1046649659124474,173
1.3870322486927134,5.363861161277113,174
7.3732797251304465,8.154823277155545,175
7.044353569603951,5.743527452206491,176
2.7873022872356,6.5342031341119995,177
2.6495469188592025,8.963788703955004,178
4.110173285606758,7.177400787794839,179
3.1654005049139435,8.193963965463606,17a
8.825426815426066,4.5092966888281,17b
4.135910572704168,5.670765122523507,17c
6.07798079783965,2.909796305457386,17d
9.763964018988743,9.92355856377454,17e
1.7827507513398522,1.5618457602421276,17f
2.616232900265103,0.373650722190656,180
2.9350032447032284,6.943541502239885,181
8.888914548622344,5.774391769476104,182
4.212206676066794,5.708746858368344,183
2.284250303753309,7.498789541185303,184
0.9125019766286435,8.461924641836013,185
0.7757337512641027,1.8518709788736742,186
5.810282603109716,6.567787724383026,187
2.748368107104453,6.7207646219696,188
7.8156012292629935,9.693421613194024,189
4.613610547918018,5.7853661772239775,18a
6.925323931296404,3.7156102600136167,18b
2.7976290539253936,0.41007233766073625,18c
8.318641905247338,1.9934698902526438,18d
0.645865263695643,8.752100042529081,18e
9.417886905062673,1.8340211000608753,18f
8.941893654148467,4.322566001984961,190
9.44068378821868,0.906733528482323,191
8.962597174195995,8.724510947421516,192
4.136572178842382,6.740341708050709,193
1.89534356376034,8.852838275827592,194
5.519883043761289,8.717124386511333,195
2.7497922011614504,9.443897052387863,196
7.319295006532344,1.465462539815694,197
4.397144634801697,7.3846380338334585,198
5.4005059690810855,4.558736249001674,199
1.4977203942471717,1.7770039023342177,19a
4.270504545394578,7.904257916987964,19b
4.101667566017367,5.797784053443077,19c
5.839526561424062,2.5857194311164786,19d
9.173260583672949,0.8331109255801439,19e
0.06059088817153113,5.724179258403207,19f
0.48206862595024824,7.554275291126787,1a0
8.233068937664923,4.39273772233066,1a1
7.5343863599755725,7.882513008834298,1a2
1.2536011986478335,9.05413606664171,1a3
4.3884808065535,5.803410756016198,1a4
4.718367191362571,7.290826646884314,1a5
5.011458630982878,2.612817704867061,1a6
9.413869853885323,3.5148004228178076,1a7
5.5736672313138635,6.0206066662418944,1a8
7.827583721880961,3.76089616907067,1a9
3.8294707299451103,4.1199828498908095,1aa
9.863545651795958,7.752743180212768,1ab
0.9819979261741718,8.706624339450132,1ac
1.2064820071526539,6.772471618896479,1ad
7.841393504097254,8.667826989485288,1ae
8.63441264541563,4.61234244812046,1af
0.17486187885164428,4.5182394660636565,1b0
2.1645063011268784,5.705055420057354,1b1
2.604109302624462,1.1169424917875759,1b2
4.9425727008388884,6.022374277003224,1b3
1.3670367042536458,2.2477320422685407,1b4
0.48491445601265504,1.4904849873158776,1b5
8.011488714063765,8.508903690386102,1b6
2.2597923618620994,4.032490989721343,1b7
8.072108474382034,4.684795315095835,1b8
0.1811680624780898,3.660241060761247,1b9
5.565512167499351,9.198386683818155,1ba
4.32426423444794,3.28601877752864,1bb
6.342954507851123,4.503767463022212,1bc
4.600565043323368,0.9714580108168358,1bd
8.56840282225949,0.4004581252581907,1be
6.747052600074887,2.7113447188365747,1bf
4.922682319515307,7.77827703220646,1c0
1.7287651735496479,2.0288337713832516,1c1
7.0428148976689275,1.8966702364816557,1c2
5.999035047396739,1.0346743134769254,1c3
6.418797473482569,4.6895657303391305,1c4
7.545193552135014,2.6753677544427736,1c5
0.9075025248899959,4.00746603343249,1c6
3.3933896981034204,0.7270151838335726,1c7
3.173681762334594,7.024059123691769,1c8
9.125318944092069,5.914041805926901,1c9
1.4650442942001562,3.6952740456853297,1ca
7.4379370306205335,2.516077565350845,1cb
1.8753850700849417,3.320039129191893,1cc
2.9482803221688525,4.119945455779577,1cd
9.1610467746983,7.117677163587247,1ce
6.658240528004251,1.7653824016067954,1cf
2.014994767346152,5.121881897248891,1d0
6.900179508512492,9.38579577370507,1d1
5.1069326317306025,0.8595584072741957,1d2
0.18484234810102307,7.441119492103466,1d3
3.443996863499298,8.834420065957152,1d4
7.385048726724638,5.0363468328891505,1d5
2.490799956555593,7.625990784794022,1d6
8.105357090966368,6.344590351634041,1d7
5.32424255278735,8.692757807442431,1d8
9.53789126211256,9.610758736592132,1d9
6.643115008970032,1.9556062093750337,1da
5.669613577378229,2.0668256914430003,1db
4.137574128861154,8.678853476762683,1dc
7.406251076036153,4.522862959513044,1dd
1.8317478499659567,5.876371727941042,1de
1.9679550151770764,0.556049192863054,1df
3.688824100704787,4.2114818912106,1e0
5.110195174551583,9.759598704787265,1e1
2.067506800419231,6.071192892565932,1e2
7.181584374446819,2.6759636614555715,1e3
2.7943701095301163,9.80626697480109,1e4
5.722959243600144,2.957459458615783,1e5
5.26155770020949,1.2164888306270716,1e6
8.046632451512659,3.4573649792733874,1e7
4.228532599807801,7.4844949836558605,1e8
5.774731529859448,2.739975322290784,1e9
4.341382718457092,6.71874648300006,1ea
8.078233777667256,0.23243786457503246,1eb
8.0987932230462,3.915173999278748,1ec
6.820582749709917,5.286034559877978,1ed
6.705130023596021,4.0948357802747495,1ee
5.427437467984005,8.343768404060635,1ef
3.15194632932437,0.793243355432155,1f0
1.4192879256004398,3.4985822611732145,1f1
6.179562582470481,4.3391204496713,1f2
6.570815513481849,5.166530146187762,1f3
9.242482533452277,1.7525633239874139,1f4
1.0452896002969747,3.8918792279520966,1f5
2.3007359979908095,4.270451429628208,1f6
1.294852339826068,4.901689069846452,1f7
7.188678776849099,0.6892550526890495,1f8
8.767213575877518,2.358567281005144,1f9
3.335756716658642,6.567250324851716,1fa
9.946917575563427,6.89426553896196,1fb
3.634496793470573,7.098137827049783,1fc
1.6767172404230912,5.47781874267676,1fd
2.061063776927381,3.5179390180753147,1fe
8.564937203472663,4.413392650619814,1ff
1.6966121865629646,0.47735074538280076,200
0.7519237894002717,8.189821320700158,201
8.82584436135899,0.24675400156813576,202
8.335046777484445,8.316407501688984,203
6.847279023798062,3.9963030403081543,204
6.027833046354183,7.179395368622981,205
7.59855899607097,6.17823385434451,206
3.2064964095387474,1.9875971615327648,207
7.119642921398875,0.6578123555462834,208
8.804451781320875,5.471627649790961,209
9.033102737215104,7.670884032357482,20a
6.329903331909619,1.9648059424667852,20b
3.885333436140499,2.571900892623429,20c
4.490764512011002,3.708212222442826,20d
4.485409566954902,4.825833945066701,20e
6.0034280709650965,7.225005473628956,20f
2.2742663545632236,3.390352375611252,210
7.733257798377555,1.5540801527291181,211
6.2027503781349,8.900155471049962,212
5.43045161957854,6.921068658751027,213
3.962754267463878,5.04781680014267,214
3.4869916800396386,6.656019838148984,215
0.318142146406839,0.29210338829231297,216
0.2309493498645665,7.579954604795406,217
3.6522283957782276,8.352974228944692,218
3.8257937582555837,6.3585910212125905,219
3.8495255907166523,6.455923472715066,21a
2.3575694428086793,0.5858800948025611,21b
7.352720746922346,5.8406848149973705,21c
5.52304050224377,1.8888879868956043,21d
5.704441951238291,3.176223587636854,21e
7.028135585588064,2.115610952363993,21f
1.006830583776076,5.469426456654326,220
9.628757157030917,4.029284479002008,221
5.228875451052205,0.40023606316571203,222
8.196822924944996,5.29551158802885,223
2.522154986553722,8.10033355076859,224
7.013235003922906,4.862843114118211,225
9.091074768156323,5.683306550651121,226
0.2412126750797028,1.3170881646034382,227
4.5448005569961145,8.7506997914151,228
8.685524730957791,4.802243637186195,229
1.0991403352151108,1.5237930007382217,22a
2.355590536822516,2.3151274122092524,22b
5.023805326452168,6.1691177346874575,22c
7.488955667532901,5.911612982929273,22d
8.980578764484033,0.6516583875595139,22e
4.859391162958447,8.887222205286175,22f
4.917779845128116,5.984747766116411,230
2.713930682024017,5.400661311800922,231
8.41878885734079,8.139746330167775,232
5.795074187916032,9.304300740143047,233
2.2300826244490812,7.151920253630596,234
3.910148364198217,6.503037727552966,235
5.944115115697715,2.0585032381473045,236
8.517904801259933,5.387934676156768,237
7.021975726911325,9.357516218943863,238
2.494055446629183,9.354058076610611,239
5.431908464298125,1.8766160699643586,23a
0.08363206528381961,1.7455205759748849,23b
0.5981462911154756,3.2761960855145023,23c
9.68283326554715,1.8208894287039634,23d
2.370635917519459,4.578103689576992,23e
7.824946127275917,7.106505962996056,23f
4.744609812963626,7.835161467195016,240
5.293296310558993,6.58422221678395,241
8.329799061762893,4.941052949803537,242
6.327312074080083,9.86598040429016,243
5.4145457349756985,3.048808613832168,244
4.564826433959196,3.7770589025238763,245
7.715179159021429,4.606486066513559,246
8.46583379349881,8.761314446668463,247
7.906383373781987,1.9877812647556758,248
0.2665916706279503,9.430214463757283,249
5.359321705995454,7.277884049689244,24a
4.449148645491397,8.784888389339313,24b
3.250465381236064,8.89033490959054,24c
7.401584931974506,6.602651811422751,24d
0.7423312305653729,5.629835410638289,24e
0.22615204343538697,0.9424698353316718,24f
1.0092992773438403,4.69408766917477,250
7.7958874584787345,8.68404624823445,251
7.808882449732558,5.048851701981012,252
4.654955481845176,1.4249103606769098,253
4.320211465513245,2.6175807649478076,254
1.815014508368914,0.46061983249977345,255
8.362709272531122,7.548007350717311,256
3.0726130228905135,9.210151705312327,257
7.1740483643004165,3.7884180919853927,258
1.9274147086207938,7.415847992132763,259
1.1255020227195967,6.128073685231446,25a
6.71668574071721,9.56272623426095,25b
2.849287750438049,2.145732202384095,25c
8.221957635890043,2.1721416529391835,25d
9.776355314928368,5.188712809843378,25e
9.907622095349605,5.266083660863506,25f
5.352280165930999,6.981462735483685,260
2.35526873416551,9.395091728662706,261
7.352781623657455,1.0566228720844872,262
5.784706813984297,9.12714188065385,263
7.05858111876274,1.5945833688092803,264
0.5211988165651216,1.575523252622829,265
4.867990554048328,9.574975341383805,266
6.524303272563172,4.537511060554972,267
7.398927599199449,8.954336702432471,268
3.064055388549707,2.837339143041546,269
9.840804975545783,3.1280045766185993,26a
0.0819938429070377,1.9650806998774129,26b
7.678351041644812,6.969619982308189,26c
8.01356998700901,4.66743790753225,26d
9.569860898405036,6.670913386082611,26e
1.477385679905544,0.0027892174794530433,26f
3.3272129855292154,9.591401277499864,270
9.887938601134703,1.2714495917739754,271
1.8132943978222915,4.754924494378855,272
9.599722137708365,7.052173783459321,273
0.7539193410939937,6.779650616882527,274
9.463785084364284,5.583101757998867,275
1.3692516021195555,7.353920918037604,276
3.1758601694185904,1.0233119404474633,277
6.903458804266479,3.1767195210575636,278
6.741951685440766,0.7550572266927391,279
8.586943240828843,0.7947670425798592,27a
6.296830972740071,4.921737776278583,27b
6.436977427924942,1.8424431113225137,27c
1.4644989400575692,1.4464458091384458,27d
1.0340249561360215,3.6656539748297847,27e
2.998332024612532,7.926161828275382,27f
9.52577410281651,2.256763301690304,280
3.3261653903890265,5.321627076588337,281
9.01092629177983,4.4660174223683615,282
1.668623672642252,1.2365031082033995,283
5.554918786521663,5.342829042872726,284
7.287117424867134,4.603013419892993,285
2.3384155014215366,5.1170785214706065,286
1.924681546163488,3.411695979906484,287
4.995621523025311,1.3846938067822068,288
4.300936744060197,9.979032259316696,289
5.907055619748115,6.2834042444649505,28a
8.47619310903815,1.1617029996778616,28b
6.10274734517683,0.15103919241670205,28c
0.12004428565009939,8.981052340041943,28d
6.044300180402046,6.583225888892698,28e
9.672168417197923,7.350061367993974,28f
1.2978524290971405,2.756531910617807,290
7.2333768340414935,8.590447182549392,291
3.1487796619733377,3.1513384833277724,292
4.498832124676728,6.923376874405721,293
2.6748417570729766,4.284521071593691,294
7.8192615493497355,6.980283070745075,295
5.254510901650313,1.2846855551332736,296
7.596171495692634,3.6525945848128103,297
1.1223976275702752,8.450383943908891,298
8.059070296670527,9.545553690258075,299
6.0684223876022445,6.641698387960746,29a
8.849203543783581,0.4696616749730209,29b
1.849985153150141,1.9842826984087714,29c
9.205021252731342,3.523331117830153,29d
8.16587911301497,8.881907221531657,29e
9.939997472950015,3.5237581495126094,29f
0.2062488927492967,3.570287310427225,2a0
6.94677657081381,5.284029896400657,2a1
1.6371775740770012,9.82425250531097,2a2
9.680928808758308,7.388432691795575,2a3
1.1111452668983912,5.579845338709375,2a4
7.777452661509514,8.946913347159716,2a5
5.041125945353917,1.6532773747181861,2a6
6.100532379551322,2.8760389827924104,2a7
3.0794121848022113,7.839759460822092,2a8
3.266538485230165,7.720708325670086,2a9
9.104758501570092,2.388973036208093,2aa
4.494901330735869,9.50386528658409,2ab
8.861750721511537,7.969828658869018,2ac
1.4452608815791423,2.4893570062710335,2ad
0.2808590871523797,0.06262653639290794,2ae
4.024467352176386,4.084910802075669,2af
7.5149714970711745,9.171239638623351,2b0
1.4689160502795684,5.157241276511955,2b1
1.4796858739380625,3.2265229984917743,2b2
6.592971418179107,4.5518656161381905,2b3
7.281890408410851,8.576298618671007,2b4
6.901716130814776,7.461342500125338,2b5
3.8852443755612773,2.058175621403989,2b6
3.563854787881632,0.14895328124042706,2b7
2.2165257396365137,0.059809716911362054,2b8
6.585006618142019,5.76849679490766,2b9
3.4098706713329605,7.106392598343154,2ba
9.518581809120338,0.44659339428440914,2bb
4.701510141384468,8.364345072969634,2bc
9.976971194392334,0.9710820081492111,2bd
7.441905264440962,3.8581680193234655,2be
6.190255679319652,6.601879050286389,2bf
3.969537279368043,2.2146693172095846,2c0
8.391477513079481,5.643155606866728,2c1
0.7197141952966157,2.708373333148677,2c2
1.3401959596466462,3.985492439930373,2c3
1.9048268944487867,9.950482632237033,2c4
5.929135600353774,9.776789201340634,2c5
2.4284179353278157,6.3707133056895815,2c6
3.91575107302231,2.105914608845081,2c7
3.4818943367332134,1.9605063258526656,2c8
6.640426317975678,5.2592317815331615,2c9
1.354943200767259,6.543470280323012,2ca
3.8302102723276454,9.016228353273112,2cb
3.312637199953671,3.0462537875035087,2cc
9.584937206461156,2.8808210261805223,2cd
4.060489933057005,8.828787325443447,2ce
1.178069661778478,4.972882839223903,2cf
9.891588562618777,0.15036480170316113,2d0
0.47446810018940133,3.221831677010875,2d1
0.9817343119083566,0.010924693186461498,2d2
6.867929084822837,9.88912642610259,2d3
2.7328156581692733,1.046480355739745,2d4
6.553591871754114,8.436899969801082,2d5
5.2883195139933905,0.0400386182102197,2d6
6.411020595010043,3.7118415492669588,2d7
2.5432456515614064,1.3858457906439625,2d8
7.293788104865398,5.4235284488512345,2d9
3.323591340011528,5.124352840810621,2da
2.2006140831000955,1.9951342506642533,2db
0.9616533664343041,1.4138084210742519,2dc
7.662272751849615,1.9268535749267612,2dd
9.22936951406843,9.005312427310388,2de
4.915237731478054,4.0629238072227665,2df
1.1393507346419474,8.108979467724474,2e0
5.847448929641313,3.92059996441378,2e1
5.223604997680252,8.349461926262553,2e2
3.464923118009234,3.6821664852994616,2e3
0.7426966121793444,0.9244390437062644,2e4
5.165755616304986,7.796504369660092,2e5
7.635778758027722,2.859904621308517,2e6
9.697050080461862,1.5955726861089337,2e7
2.3076683413926236,3.8786564608594,2e8
7.172250394259745,6.276670614530747,2e9
5.05954071300134,6.3895718405057345,2ea
9.215150547479272,1.72009650118078,2eb
0.95812392250338,8.955970801904384,2ec
0.873244085717495,3.1617399776288977,2ed
4.7721953864222675,8.647359351676783,2ee
9.775659710294608,1.769726121175752,2ef
6.936374454199847,1.1400517965428636,2f0
2.0712670296227276,0.3982919433318066,2f1
0.2975339613303918,2.563056993202019,2f2
8.311802805258734,8.740801326704139,2f3
0.5365881088430124,6.019659097661805,2f4
0.970830397966479,1.750742507353339,2f5
7.155040396185264,2.3783051405798594,2f6
7.382872697759839,0.9468149631470224,2f7
2.979767273682401,9.859389183535148,2f8
1.8359063408135257,4.077269780858844,2f9
6.337293872906948,0.3074004024135024,2fa
0.10332746868121245,4.8507391611994874,2fb
9.106408013738404,0.4040391582484748,2fc
9.370900243753308,6.007177788385753,2fd
1.7615700948402824,6.087186289592765,2fe
0.852289503770004,3.8516727287211747,2ff
8.726416488789896,1.675527980237549,300
2.0737655181371917,7.415520047984266,301
9.818057885636614,5.284290055500344,302
2.3750724780355448,9.568586712841817,303
5.530187819269168,2.8720885878738747,304
6.024035400170867,9.140891745916992,305
4.948173405385079,5.825835960689662,306
5.026831469710123,3.9628978093363987,307
1.5237150634176733,8.539449494866965,308
4.789260284930594,8.939356108236037,309
9.273624040273777,9.857462393771426,30a
7.761575328552884,7.514881743536359,30b
6.321469074638678,1.2006180131979305,30c
4.073438534539154,5.162637734143514,30d
2.07241238207685,7.633882112602946,30e
5.48287506411199,6.360487688722484,30f
9.504847108850216,8.6526413996884,310
1.520663462341968,9.847954590082097,311
8.921650280779991,6.978028398858513,312
7.481774294482771,9.42926722127151,313
6.6621461189094,7.581194425370876,314
8.938480875551702,4.587704718163364,315
3.005666645753106,4.0143951064205465,316
2.5287846831052976,6.615018488674038,317
9.032342495066072,3.8590050690009914,318
5.679899828114447,9.570965158287466,319
1.370153679036995,3.9261130553421464,31a
5.9215579036357475,0.0033346116561694394,31b
1.3765705856035637,5.558397999417637,31c
4.764184420430793,5.04261800934955,31d
5.523642752111347,4.04594862363853,31e
4.43993194221795,8.874830468532998,31f
5.810527053226243,7.323286886400197,320
3.264933338574827,6.144613363359175,321
9.308451996822058,5.413869281322783,322
9.296087124125677,0.4134054878855231,323
6.97414424482581,4.293916034991786,324
7.8001913048892995,2.3282830227739737,325
2.87328838792419,7.5028829608975744,326
1.4231230429645292,2.1017641350326666,327
1.1238436372025717,6.0513838452360735,328
5.029286276913884,4.273246019117613,329
6.569547424110448,4.25617817060727,32a
9.663363445561332,6.68766536575295,32b
4.072585986198326,5.810725689116991,32c
4.390387827833426,6.090555506210692,32d
8.22875463012734,7.294409353747327,32e
2.806396648078872,9.604644542256693,32f
8.522192945055714,3.13307113837927,330
0.26066505162078757,8.365811572724185,331
5.051652770729865,6.2090606164889905,332
0.13986735694053398,7.66830521016171,333
0.875494030733811,1.6886705348525988,334
1.6921870546010631,6.334839454441109,335
5.958343986922322,7.003667054818713,336
0.17503323612819477,8.658438948496867,337
9.991593431055186,3.0787350530501345,338
4.424535167982353,2.389117785304482,339
9.953554576888077,9.250127173336955,33a
6.050445986305784,8.562068613875555,33b
2.7438293874053423,0.717341571294472,33c
9.485525925761038,7.197266143033488,33d
7.045118056096715,4.707422889093344,33e
4.610634612915651,5.926436744673466,33f
3.6409574097440323,4.139084374974351,340
3.0232894792710074,2.9498314337299494,341
4.9316995082160275,3.727131988140393,342
7.60699507146494,2.181365877212542,343
5.037678572791008,5.279393852194319,344
2.54513412499814,9.603834991318276,345
2.271181150058168,1.427953220919611,346
5.198795985772159,9.260584913303594,347
7.539858632370232,9.342914418288581,348
7.535494440280871,4.719448426308652,349
8.450599677998731,2.5441342454084035,34a
9.373679950675191,2.781447684951602,34b
2.948637411442512,4.974020149976602,34c
8.18091689309999,2.9146250003966445,34d
0.46822029178329116,2.9415065146867656,34e
6.366664651127779,9.99080993636685,34f
1.7879258142911336,8.087818887312103,350
4.948124861915315,2.9407887589331727,351
4.340374377213564,0.9493144157828048,352
6.593809575228182,4.558781393749992,353
1.5738076184074457,0.09054402751636492,354
3.5164804756894985,0.6945005952108252,355
9.492747909206946,9.984333227481768,356
8.292889204048315,1.805691971127642,357
1.0385162948461468,6.568350590299396,358
3.8687551040109436,5.308035928853162,359
2.6425057807328614,4.129836959791364,35a
1.5301035510822991,4.436351126363772,35b
8.347743078019956,5.32629003280306,35c
5.661555621964791,1.6606038567691805,35d
1.7654823208658355,4.743854339663942,35e
6.165825522253261,5.119001563333815,35f
7.67000570272537,1.3198825847010376,360
9.205120470883468,6.9835172551642986,361
3.161820169304017,2.4108382672449213,362
3.0251670267463124,0.305378164785578,363
1.672921363785761,4.817743978618876,364
4.780775897533388,7.7374765851123595,365
3.319235098324649,7.332517878368018,366
7.931925322646181,5.445989715266448,367
8.568365228299006,4.146264390023408,368
5.0185176426535,3.5117444604490213,369
8.462349355982132,9.462885498387088,36a
1.9910448764324806,5.638047098087817,36b
9.51932033258009,4.821637440523428,36c
9.460623556903904,8.402557446347942,36d
5.537662883006897,8.937270327771124,36e
5.673055433083708,6.8925986971695705,36f
7.94259483021178,4.345320282807618,370
3.6280516294877394,2.7537893522175194,371
0.8648563999028247,6.473273821046682,372
6.204513864968739,1.4212396896703872,373
9.955555788476907,5.760534545051613,374
5.824229612480919,1.8517254065309585,375
2.8068529266320033,7.6895411374062395,376
0.34513976868934093,8.279064802599517,377
5.460311491068641,8.246053993224788,378
2.204157584745948,9.181605559250606,379
8.213493801038377,0.764304632338838,37a
0.25439235644643343,9.81425324560097,37b
4.513928910543974,3.7271113132041855,37c
1.6259094624551973,9.272128216336478,37d
4.626290090900236,7.33707582452133,37e
6.03374540206193,9.069591818623703,37f
8.97545741785959,2.8769607576498735,380
0.7371465451690495,6.738460071479976,381
8.020227117036697,0.5130957628870803,382
4.860924718934154,3.4997249011459686,383
7.414555817894749,8.410228959603682,384
6.582626641004955,8.47991206168924,385
4.738354176597573,2.9736704768974285,386
4.739474365427439,7.988407410787481,387
9.309451144231405,9.24258197802848,388
9.648188927562117,2.412026372762072,389
6.119588972106546,8.587688653216128,38a
8.589626661716489,5.4252240207719655,38b
4.679210460569363,2.6414484047106668,38c
6.375835611128179,7.892555557868453,38d
2.739492074357849,9.843674110091417,38e
5.316079621557829,9.520046997075651,38f
3.189477124914437,8.746323859111218,390
5.174956326202546,0.7601324265242382,391
4.816336768152414,4.202288440837708,392
2.8828536870770716,3.725963770338704,393
3.047958536894255,5.7898497431190465,394
8.959204602049759,9.430331432463987,395
9.810905945077993,3.162405819853058,396
0.39078485838493493,8.640717734338764,397
5.132562587101085,1.8572370200080512,398
0.7085172853012822,6.620732703850382,399
6.8288955715258846,7.67939382446492,39a
3.6606905825999014,7.780122890312353,39b
7.906317371413221,8.802436096678122,39c
8.487498705514003,3.0483177526259464,39d
6.815286943092433,8.703005085562861,39e
7.708871620090434,8.718442622020534,39f
6.353469878327096,8.546538761047954,3a0
2.2371765479701122,6.3090259624690574,3a1
2.2528435946608028,8.162427057348536,3a2
7.631917407054534,2.5453444125534896,3a3
1.5777501008665795,9.44872497949516,3a4
2.801865872442807,0.18825295812036957,3a5
2.5724932931380518,2.0931364353083626,3a6
5.288618585571372,4.286204924156564,3a7
1.7689443545626138,0.0014146391630520672,3a8
7.461775194052212,5.948907105689951,3a9
8.9304740293342,2.1297280302337063,3aa
3.8386257707033877,2.0056719578681124,3ab
5.454100512688234,0.1791923224660552,3ac
1.5047984615742482,9.093899422766592,3ad
0.0071773585470280565,4.1079929153516055,3ae
6.414398339724019,9.864192398589921,3af
6.598264674565762,1.896672470027736,3b0
0.9919600856770272,8.689262503534719,3b1
8.386611324835311,9.552142113891422,3b2
7.924349777884575,0.8957573050857259,3b3
3.555164155106988,4.189562466929519,3b4
2.336134466051968,5.631221013509179,3b5
4.841030146660109,3.918288713503858,3b6
7.236673676298048,3.5558504172581973,3b7
1.5333516052154772,3.5032602799399104,3b8
2.45749410586399,7.365237087499482,3b9
2.6511391448785524,7.397956907109087,3ba
3.6022513604087605,0.34184768547998234,3bb
2.810088879511683,0.9345558491786254,3bc
4.627437097603286,1.1642797625822021,3bd
5.87080828007676,7.944103317140623,3be
9.464597744437842,6.76428023397226,3bf
4.91275014117699,1.6034098918855688,3c0
7.522743968698612,2.5776407369406473,3c1
0.310244246752317,8.064028200566595,3c2
5.426005057946241,8.06778186928827,3c3
5.6558784149597,9.22820342396766,3c4
1.3781188835500935,9.971772733270782,3c5
5.801837661162925,1.1048062930819835,3c6
9.881698691829843,1.9290164450942837,3c7
4.332263406495022,4.371084473894764,3c8
4.74823023802881,2.754648514710664,3c9
9.682652531623434,2.4257404365203206,3ca
7.400106181314639,1.0780814764045887,3cb
0.517367382644971,0.3632526895558452,3cc
0.19302835729456347,9.551973934002028,3cd
5.280688403055931,3.020285380815695,3ce
5.427159036605506,5.9896264511370685,3cf
8.896546706239194,2.4670202494946993,3d0
0.4563653764929765,1.3687928893758128,3d1
4.700380044240773,8.390817616333582,3d2
9.28188164183004,0.698808792743385,3d3
4.86958630737763,8.849968694459577,3d4
8.148215637958907,4.8678509803013394,3d5
2.8543406414048302,1.761856847160751,3d6
7.788449620953807,9.236567658606585,3d7
3.97360278953512,1.6880360763664604,3d8
5.977893009936618,8.33551955155692,3d9
0.960925661887575,4.715034930016905,3da
9.867239058961992,0.44918566654153613,3db
1.2811530299385454,1.885414425152644,3dc
9.117303400206264,3.1151995526951772,3dd
9.435722952830933,4.981634841401144,3de
8.055194593514747,0.35418696715718845,3df
7.452982261165589,0.7280682564984486,3e0
7.956273646164326,2.451485966155751,3e1
5.557015434463979,1.4098476344830446,3e2
0.25618303947562926,1.3723371931505302,3e3
2.755222581351222,9.54404206034753,3e4
6.903925403276121,8.326273343688586,3e5
6.15081866968029,1.1954395628239411,3e6
2.7814725287484254,8.033065043355833,3e7
